date,total_score,negative_score,positive_score,neutral_score
2015-01-01,58,25,83,83
2015-01-02,139,123,262,262
2015-01-03,171,70,241,241
2015-01-04,144,37,181,181
2015-01-05,226,151,377,377
2015-01-06,344,177,521,521
2015-01-07,310,189,499,499
2015-01-08,391,169,560,560
2015-01-09,337,158,495,495
2015-01-10,184,52,236,236
2015-01-11,126,26,152,152
2015-01-12,193,102,295,295
2015-01-13,390,135,525,525
2015-01-14,284,167,451,451
2015-01-15,144,205,349,349
2015-01-16,179,205,384,384
2015-01-17,97,108,205,205
2015-01-18,61,33,94,94
2015-01-19,110,50,160,160
2015-01-20,216,99,315,315
2015-01-21,287,137,424,424
2015-01-22,224,106,330,330
2015-01-23,243,168,411,411
2015-01-24,206,77,283,283
2015-01-25,140,37,177,177
2015-01-26,270,126,396,396
2015-01-27,369,186,555,555
2015-01-28,1892,990,2882,2882
2015-01-29,505,355,860,860
2015-01-30,482,260,742,742
2015-01-31,217,123,340,340
2015-02-01,161,59,220,220
2015-02-02,176,139,315,315
2015-02-03,215,166,381,381
2015-02-04,413,168,581,581
2015-02-05,309,164,473,473
2015-02-06,154,183,337,337
2015-02-07,107,94,201,201
2015-02-08,83,52,135,135
2015-02-09,184,83,267,267
2015-02-10,291,240,531,531
2015-02-11,688,306,994,994
2015-02-12,673,310,983,983
2015-02-13,369,165,534,534
2015-02-14,351,150,501,501
2015-02-15,39,23,62,62
2015-02-16,164,60,224,224
2015-02-17,257,225,482,482
2015-02-18,248,210,458,458
2015-02-19,213,219,432,432
2015-02-20,328,178,506,506
2015-02-21,212,88,300,300
2015-02-22,105,72,177,177
2015-02-23,355,167,522,522
2015-02-24,526,282,808,808
2015-02-25,377,269,646,646
2015-02-26,558,362,920,920
2015-02-27,342,316,658,658
2015-02-28,225,126,351,351
2015-03-01,205,75,280,280
2015-03-02,400,122,522,522
2015-03-03,332,199,531,531
2015-03-04,296,188,484,484
2015-03-05,296,305,601,601
2015-03-06,380,197,577,577
2015-03-07,381,189,570,570
2015-03-08,226,71,297,297
2015-03-09,779,412,1191,1191
2015-03-10,800,561,1361,1361
2015-03-11,462,306,768,768
2015-03-12,387,228,615,615
2015-03-13,462,188,650,650
2015-03-14,263,100,363,363
2015-03-15,280,65,345,345
2015-03-16,298,147,445,445
2015-03-17,491,228,719,719
2015-03-18,411,193,604,604
2015-03-19,464,155,619,619
2015-03-20,407,150,557,557
2015-03-21,264,188,452,452
2015-03-22,268,62,330,330
2015-03-23,270,143,413,413
2015-03-24,347,159,506,506
2015-03-25,79,45,124,124
2015-03-26,280,140,420,420
2015-03-27,381,144,525,525
2015-03-28,288,93,381,381
2015-03-29,261,79,340,340
2015-03-30,343,106,449,449
2015-03-31,374,137,511,511
2015-04-01,391,106,497,497
2015-04-02,327,150,477,477
2015-04-03,286,81,367,367
2015-04-04,231,93,324,324
2015-04-05,239,58,297,297
2015-04-06,323,130,453,453
2015-04-07,364,189,553,553
2015-04-08,239,229,468,468
2015-04-09,229,173,402,402
2015-04-10,323,245,568,568
2015-04-11,191,95,286,286
2015-04-12,122,80,202,202
2015-04-13,173,165,338,338
2015-04-14,219,169,388,388
2015-04-15,257,127,384,384
2015-04-16,273,125,398,398
2015-04-17,160,217,377,377
2015-04-18,117,120,237,237
2015-04-19,71,75,146,146
2015-04-20,209,133,342,342
2015-04-21,135,69,204,204
2015-04-22,206,125,331,331
2015-04-23,260,173,433,433
2015-04-24,299,194,493,493
2015-04-25,217,113,330,330
2015-04-26,134,68,202,202
2015-04-27,410,261,671,671
2015-04-28,1314,849,2163,2163
2015-04-29,431,334,765,765
2015-04-30,170,874,1044,1044
2015-05-01,273,326,599,599
2015-05-02,123,59,182,182
2015-05-03,97,94,191,191
2015-05-04,231,125,356,356
2015-05-05,69,111,180,180
2015-05-06,240,205,445,445
2015-05-07,247,220,467,467
2015-05-08,86,53,139,139
2015-05-09,62,48,110,110
2015-05-10,59,53,112,112
2015-05-11,277,101,378,378
2015-05-12,80,40,120,120
2015-05-13,27,43,70,70
2015-05-14,132,104,236,236
2015-05-15,192,163,355,355
2015-05-16,172,84,256,256
2015-05-17,130,60,190,190
2015-05-18,411,179,590,590
2015-05-19,320,283,603,603
2015-05-20,272,159,431,431
2015-05-21,239,162,401,401
2015-05-22,288,144,432,432
2015-05-23,140,75,215,215
2015-05-24,89,48,137,137
2015-05-25,116,56,172,172
2015-05-26,372,250,622,622
2015-05-27,228,209,437,437
2015-05-28,196,190,386,386
2015-05-29,73,35,108,108
2015-05-30,180,71,251,251
2015-05-31,158,65,223,223
2015-06-01,194,90,284,284
2015-06-02,208,185,393,393
2015-06-03,38,21,59,59
2015-06-04,194,123,317,317
2015-06-05,189,155,344,344
2015-06-06,118,60,178,178
2015-06-07,75,72,147,147
2015-06-08,36,12,48,48
2015-06-09,346,287,633,633
2015-06-10,316,202,518,518
2015-06-11,175,190,365,365
2015-06-12,184,151,335,335
2015-06-13,59,60,119,119
2015-06-14,145,53,198,198
2015-06-15,178,123,301,301
2015-06-16,151,155,306,306
2015-06-17,166,99,265,265
2015-06-18,270,131,401,401
2015-06-19,236,126,362,362
2015-06-20,166,68,234,234
2015-06-21,158,76,234,234
2015-06-22,328,118,446,446
2015-06-23,251,134,385,385
2015-06-24,414,167,581,581
2015-06-25,244,125,369,369
2015-06-26,198,121,319,319
2015-06-27,159,48,207,207
2015-06-28,107,81,188,188
2015-06-29,221,82,303,303
2015-06-30,234,172,406,406
2015-07-01,251,121,372,372
2015-07-02,160,114,274,274
2015-07-03,119,69,188,188
2015-07-04,84,39,123,123
2015-07-05,43,35,78,78
2015-07-06,75,68,143,143
2015-07-07,26,25,51,51
2015-07-08,110,163,273,273
2015-07-09,81,259,340,340
2015-07-10,281,335,616,616
2015-07-11,190,81,271,271
2015-07-12,125,43,168,168
2015-07-13,296,105,401,401
2015-07-14,187,126,313,313
2015-07-15,260,127,387,387
2015-07-16,218,133,351,351
2015-07-17,212,129,341,341
2015-07-18,185,44,229,229
2015-07-19,90,26,116,116
2015-07-20,388,108,496,496
2015-07-21,441,243,684,684
2015-07-22,868,1211,2079,2079
2015-07-23,359,274,633,633
2015-07-24,273,138,411,411
2015-07-25,209,70,279,279
2015-07-26,86,30,116,116
2015-07-27,101,50,151,151
2015-07-28,232,131,363,363
2015-07-29,98,79,177,177
2015-07-30,167,117,284,284
2015-07-31,198,152,350,350
2015-08-01,103,73,176,176
2015-08-02,104,59,163,163
2015-08-03,202,211,413,413
2015-08-04,288,563,851,851
2015-08-05,345,508,853,853
2015-08-06,230,281,511,511
2015-08-07,251,159,410,410
2015-08-08,177,66,243,243
2015-08-09,64,27,91,91
2015-08-10,45,15,60,60
2015-08-11,249,234,483,483
2015-08-12,209,390,599,599
2015-08-13,225,185,410,410
2015-08-14,98,208,306,306
2015-08-15,138,79,217,217
2015-08-16,95,31,126,126
2015-08-17,188,99,287,287
2015-08-18,159,90,249,249
2015-08-19,151,144,295,295
2015-08-20,141,172,313,313
2015-08-21,117,152,269,269
2015-08-22,68,106,174,174
2015-08-23,51,21,72,72
2015-08-24,385,511,896,896
2015-08-25,456,251,707,707
2015-08-26,261,227,488,488
2015-08-27,286,213,499,499
2015-08-28,192,239,431,431
2015-08-29,84,108,192,192
2015-08-30,98,52,150,150
2015-08-31,203,117,320,320
2015-09-01,191,190,381,381
2015-09-02,196,151,347,347
2015-09-03,197,144,341,341
2015-09-04,146,140,286,286
2015-09-05,90,56,146,146
2015-09-06,30,44,74,74
2015-09-07,58,47,105,105
2015-09-08,175,143,318,318
2015-09-09,637,378,1015,1015
2015-09-10,492,387,879,879
2015-09-11,289,148,437,437
2015-09-12,185,85,270,270
2015-09-13,68,38,106,106
2015-09-14,24,8,32,32
2015-09-15,200,127,327,327
2015-09-16,154,154,308,308
2015-09-17,281,129,410,410
2015-09-18,211,244,455,455
2015-09-19,123,98,221,221
2015-09-20,76,64,140,140
2015-09-21,106,174,280,280
2015-09-22,174,202,376,376
2015-09-23,180,130,310,310
2015-09-24,176,139,315,315
2015-09-25,232,172,404,404
2015-09-26,118,80,198,198
2015-09-27,96,91,187,187
2015-09-28,224,138,362,362
2015-09-29,237,211,448,448
2015-09-30,230,214,444,444
2015-10-01,96,251,347,347
2015-10-02,208,184,392,392
2015-10-03,82,86,168,168
2015-10-04,86,36,122,122
2015-10-05,107,143,250,250
2015-10-06,247,162,409,409
2015-10-07,145,189,334,334
2015-10-08,145,181,326,326
2015-10-09,136,227,363,363
2015-10-10,190,48,238,238
2015-10-11,4,8,12,12
2015-10-12,93,94,187,187
2015-10-13,131,108,239,239
2015-10-14,104,174,278,278
2015-10-15,142,186,328,328
2015-10-16,202,109,311,311
2015-10-17,52,83,135,135
2015-10-18,73,72,145,145
2015-10-19,122,94,216,216
2015-10-20,93,281,374,374
2015-10-21,147,172,319,319
2015-10-22,140,116,256,256
2015-10-23,243,104,347,347
2015-10-24,143,75,218,218
2015-10-25,84,62,146,146
2015-10-26,168,193,361,361
2015-10-27,270,247,517,517
2015-10-28,716,632,1348,1348
2015-10-29,365,172,537,537
2015-10-30,238,104,342,342
2015-10-31,111,70,181,181
2015-11-01,37,55,92,92
2015-11-02,127,59,186,186
2015-11-03,195,126,321,321
2015-11-04,168,96,264,264
2015-11-05,123,113,236,236
2015-11-06,94,97,191,191
2015-11-07,69,50,119,119
2015-11-08,67,33,100,100
2015-11-09,20,9,29,29
2015-11-10,166,202,368,368
2015-11-11,251,194,445,445
2015-11-12,146,171,317,317
2015-11-13,115,136,251,251
2015-11-14,77,79,156,156
2015-11-15,26,41,67,67
2015-11-16,125,85,210,210
2015-11-17,181,91,272,272
2015-11-18,220,149,369,369
2015-11-19,204,131,335,335
2015-11-20,171,106,277,277
2015-11-21,96,49,145,145
2015-11-22,67,48,115,115
2015-11-23,129,75,204,204
2015-11-24,192,129,321,321
2015-11-25,131,94,225,225
2015-11-26,142,46,188,188
2015-11-27,117,64,181,181
2015-11-28,80,59,139,139
2015-11-29,116,41,157,157
2015-11-30,165,95,260,260
2015-12-01,182,101,283,283
2015-12-02,107,159,266,266
2015-12-03,124,128,252,252
2015-12-04,152,116,268,268
2015-12-05,120,99,219,219
2015-12-06,118,30,148,148
2015-12-07,92,70,162,162
2015-12-08,161,93,254,254
2015-12-09,130,141,271,271
2015-12-10,159,107,266,266
2015-12-11,172,108,280,280
2015-12-12,137,55,192,192
2015-12-13,157,30,187,187
2015-12-14,84,171,255,255
2015-12-15,117,196,313,313
2015-12-16,19,71,90,90
2015-12-17,88,100,188,188
2015-12-18,78,236,314,314
2015-12-19,98,112,210,210
2015-12-20,92,39,131,131
2015-12-21,162,171,333,333
2015-12-22,127,157,284,284
2015-12-23,129,170,299,299
2015-12-24,129,80,209,209
2015-12-25,67,39,106,106
2015-12-26,96,17,113,113
2015-12-27,105,21,126,126
2015-12-28,130,81,211,211
2015-12-29,172,122,294,294
2015-12-30,155,132,287,287
2015-12-31,88,144,232,232
2016-01-01,92,117,209,209
2016-01-02,75,50,125,125
2016-01-03,82,68,150,150
2016-01-04,188,143,331,331
2016-01-05,199,231,430,430
2016-01-06,185,384,569,569
2016-01-07,269,339,608,608
2016-01-08,149,408,557,557
2016-01-09,130,91,221,221
2016-01-10,109,69,178,178
2016-01-11,70,214,284,284
2016-01-12,188,174,362,362
2016-01-13,176,162,338,338
2016-01-14,173,160,333,333
2016-01-15,218,195,413,413
2016-01-16,112,111,223,223
2016-01-17,79,41,120,120
2016-01-18,89,68,157,157
2016-01-19,122,139,261,261
2016-01-20,174,195,369,369
2016-01-21,151,159,310,310
2016-01-22,138,188,326,326
2016-01-23,174,98,272,272
2016-01-24,69,55,124,124
2016-01-25,53,148,201,201
2016-01-26,64,69,133,133
2016-01-27,581,950,1531,1531
2016-01-28,246,365,611,611
2016-01-29,182,228,410,410
2016-01-30,174,158,332,332
2016-01-31,222,67,289,289
2016-02-01,108,108,216,216
2016-02-02,368,155,523,523
2016-02-03,167,129,296,296
2016-02-04,208,155,363,363
2016-02-05,135,112,247,247
2016-02-06,78,84,162,162
2016-02-07,61,38,99,99
2016-02-08,127,122,249,249
2016-02-09,212,170,382,382
2016-02-10,109,144,253,253
2016-02-11,84,203,287,287
2016-02-12,-5,237,232,232
2016-02-13,136,166,302,302
2016-02-14,77,59,136,136
2016-02-15,45,149,194,194
2016-02-16,46,273,319,319
2016-02-17,70,519,589,589
2016-02-18,-68,664,596,596
2016-02-19,-21,281,260,260
2016-02-20,16,504,520,520
2016-02-21,-3,164,161,161
2016-02-22,22,397,419,419
2016-02-23,-11,570,559,559
2016-02-24,86,431,517,517
2016-02-25,-78,533,455,455
2016-02-26,42,580,622,622
2016-02-27,198,227,425,425
2016-02-28,90,81,171,171
2016-02-29,117,145,262,262
2016-03-01,138,361,499,499
2016-03-02,-14,437,423,423
2016-03-03,174,293,467,467
2016-03-04,285,340,625,625
2016-03-05,12,203,215,215
2016-03-06,77,93,170,170
2016-03-07,84,245,329,329
2016-03-08,219,329,548,548
2016-03-09,-7,279,272,272
2016-03-10,115,242,357,357
2016-03-11,95,266,361,361
2016-03-12,36,177,213,213
2016-03-13,31,43,74,74
2016-03-14,101,129,230,230
2016-03-15,194,207,401,401
2016-03-16,143,269,412,412
2016-03-17,84,374,458,458
2016-03-18,199,221,420,420
2016-03-19,94,106,200,200
2016-03-20,70,80,150,150
2016-03-21,420,463,883,883
2016-03-22,566,591,1157,1157
2016-03-23,229,294,523,523
2016-03-24,186,335,521,521
2016-03-25,225,198,423,423
2016-03-26,54,96,150,150
2016-03-27,66,51,117,117
2016-03-28,135,199,334,334
2016-03-29,49,506,555,555
2016-03-30,218,357,575,575
2016-03-31,145,297,442,442
2016-04-01,271,216,487,487
2016-04-02,182,96,278,278
2016-04-03,81,62,143,143
2016-04-04,226,151,377,377
2016-04-05,176,255,431,431
2016-04-06,252,165,417,417
2016-04-07,144,225,369,369
2016-04-08,239,178,417,417
2016-04-09,89,142,231,231
2016-04-10,92,23,115,115
2016-04-11,128,118,246,246
2016-04-12,146,190,336,336
2016-04-13,212,136,348,348
2016-04-14,176,194,370,370
2016-04-15,142,333,475,475
2016-04-16,16,273,289,289
2016-04-17,60,63,123,123
2016-04-18,91,206,297,297
2016-04-19,199,313,512,512
2016-04-20,88,272,360,360
2016-04-21,21,305,326,326
2016-04-22,-13,383,370,370
2016-04-23,-34,234,200,200
2016-04-24,34,64,98,98
2016-04-25,77,215,292,292
2016-04-26,40,91,131,131
2016-04-27,292,1404,1696,1696
2016-04-28,90,684,774,774
2016-04-29,227,700,927,927
2016-04-30,101,173,274,274
2016-05-01,67,77,144,144
2016-05-02,133,205,338,338
2016-05-03,317,466,783,783
2016-05-04,164,415,579,579
2016-05-05,149,359,508,508
2016-05-06,165,393,558,558
2016-05-07,98,134,232,232
2016-05-08,64,68,132,132
2016-05-09,122,137,259,259
2016-05-10,259,230,489,489
2016-05-11,172,220,392,392
2016-05-12,166,569,735,735
2016-05-13,71,173,244,244
2016-05-14,124,135,259,259
2016-05-15,48,49,97,97
2016-05-16,566,315,881,881
2016-05-17,373,366,739,739
2016-05-18,279,223,502,502
2016-05-19,206,190,396,396
2016-05-20,236,192,428,428
2016-05-21,149,102,251,251
2016-05-22,68,70,138,138
2016-05-23,201,165,366,366
2016-05-24,236,222,458,458
2016-05-25,406,250,656,656
2016-05-26,361,194,555,555
2016-05-27,269,208,477,477
2016-05-28,112,62,174,174
2016-05-29,12,23,35,35
2016-05-30,91,95,186,186
2016-05-31,148,175,323,323
2016-06-01,149,201,350,350
2016-06-02,110,334,444,444
2016-06-03,159,171,330,330
2016-06-04,50,86,136,136
2016-06-05,19,35,54,54
2016-06-06,79,105,184,184
2016-06-07,94,86,180,180
2016-06-08,165,132,297,297
2016-06-09,346,189,535,535
2016-06-10,400,163,563,563
2016-06-11,165,103,268,268
2016-06-12,74,44,118,118
2016-06-13,263,193,456,456
2016-06-14,743,452,1195,1195
2016-06-15,316,168,484,484
2016-06-16,202,161,363,363
2016-06-17,47,277,324,324
2016-06-18,23,98,121,121
2016-06-19,-35,361,326,326
2016-06-20,146,194,340,340
2016-06-21,199,215,414,414
2016-06-22,80,273,353,353
2016-06-23,71,198,269,269
2016-06-24,63,174,237,237
2016-06-25,50,83,133,133
2016-06-26,25,45,70,70
2016-06-27,79,139,218,218
2016-06-28,80,140,220,220
2016-06-29,119,155,274,274
2016-06-30,118,132,250,250
2016-07-01,45,246,291,291
2016-07-02,-13,89,76,76
2016-07-03,1,54,55,55
2016-07-04,55,67,122,122
2016-07-05,81,109,190,190
2016-07-06,101,159,260,260
2016-07-07,42,149,191,191
2016-07-08,153,118,271,271
2016-07-09,48,71,119,119
2016-07-10,57,20,77,77
2016-07-11,72,118,190,190
2016-07-12,89,176,265,265
2016-07-13,122,108,230,230
2016-07-14,186,160,346,346
2016-07-15,126,147,273,273
2016-07-16,64,86,150,150
2016-07-17,41,34,75,75
2016-07-18,199,110,309,309
2016-07-19,160,161,321,321
2016-07-20,84,205,289,289
2016-07-21,125,231,356,356
2016-07-22,73,244,317,317
2016-07-23,113,91,204,204
2016-07-24,54,73,127,127
2016-07-25,174,130,304,304
2016-07-26,228,240,468,468
2016-07-27,937,703,1640,1640
2016-07-28,467,258,725,725
2016-07-29,72,94,166,166
2016-07-30,74,69,143,143
2016-07-31,5,18,23,23
2016-08-01,163,102,265,265
2016-08-02,304,263,567,567
2016-08-03,129,156,285,285
2016-08-04,298,221,519,519
2016-08-05,293,217,510,510
2016-08-06,131,100,231,231
2016-08-07,110,56,166,166
2016-08-08,132,166,298,298
2016-08-09,232,178,410,410
2016-08-10,153,226,379,379
2016-08-11,210,196,406,406
2016-08-12,150,136,286,286
2016-08-13,91,70,161,161
2016-08-14,87,69,156,156
2016-08-15,309,149,458,458
2016-08-16,493,224,717,717
2016-08-17,284,217,501,501
2016-08-18,87,227,314,314
2016-08-19,113,261,374,374
2016-08-20,117,144,261,261
2016-08-21,62,52,114,114
2016-08-22,57,184,241,241
2016-08-23,270,112,382,382
2016-08-24,109,170,279,279
2016-08-25,198,333,531,531
2016-08-26,352,327,679,679
2016-08-27,111,204,315,315
2016-08-28,107,76,183,183
2016-08-29,201,233,434,434
2016-08-30,-340,1171,831,831
2016-08-31,-262,807,545,545
2016-09-01,-32,542,510,510
2016-09-02,30,535,565,565
2016-09-03,100,157,257,257
2016-09-04,80,105,185,185
2016-09-05,152,139,291,291
2016-09-06,168,182,350,350
2016-09-07,625,544,1169,1169
2016-09-08,451,633,1084,1084
2016-09-09,589,763,1352,1352
2016-09-10,172,211,383,383
2016-09-11,112,94,206,206
2016-09-12,163,249,412,412
2016-09-13,457,323,780,780
2016-09-14,579,553,1132,1132
2016-09-15,616,506,1122,1122
2016-09-16,396,588,984,984
2016-09-17,258,197,455,455
2016-09-18,97,97,194,194
2016-09-19,217,285,502,502
2016-09-20,326,238,564,564
2016-09-21,287,226,513,513
2016-09-22,188,248,436,436
2016-09-23,200,213,413,413
2016-09-24,185,166,351,351
2016-09-25,105,58,163,163
2016-09-26,135,209,344,344
2016-09-27,219,161,380,380
2016-09-28,281,160,441,441
2016-09-29,356,174,530,530
2016-09-30,197,165,362,362
2016-10-01,126,129,255,255
2016-10-02,52,70,122,122
2016-10-03,83,175,258,258
2016-10-04,157,183,340,340
2016-10-05,107,187,294,294
2016-10-06,204,160,364,364
2016-10-07,203,120,323,323
2016-10-08,109,40,149,149
2016-10-09,47,40,87,87
2016-10-10,58,153,211,211
2016-10-11,252,270,522,522
2016-10-12,247,193,440,440
2016-10-13,144,152,296,296
2016-10-14,167,119,286,286
2016-10-15,80,104,184,184
2016-10-16,35,70,105,105
2016-10-17,127,140,267,267
2016-10-18,167,176,343,343
2016-10-19,148,133,281,281
2016-10-20,104,124,228,228
2016-10-21,98,157,255,255
2016-10-22,111,78,189,189
2016-10-23,102,71,173,173
2016-10-24,217,104,321,321
2016-10-25,278,227,505,505
2016-10-26,861,828,1689,1689
2016-10-27,218,421,639,639
2016-10-28,257,340,597,597
2016-10-29,139,96,235,235
2016-10-30,85,91,176,176
2016-10-31,55,293,348,348
2016-11-01,163,171,334,334
2016-11-02,91,224,315,315
2016-11-03,144,166,310,310
2016-11-04,320,104,424,424
2016-11-05,15,155,170,170
2016-11-06,64,34,98,98
2016-11-07,180,142,322,322
2016-11-08,131,127,258,258
2016-11-09,214,120,334,334
2016-11-10,145,164,309,309
2016-11-11,88,66,154,154
2016-11-12,46,104,150,150
2016-11-13,34,71,105,105
2016-11-14,112,150,262,262
2016-11-15,220,171,391,391
2016-11-16,188,179,367,367
2016-11-17,109,165,274,274
2016-11-18,161,130,291,291
2016-11-19,45,133,178,178
2016-11-20,79,48,127,127
2016-11-21,171,179,350,350
2016-11-22,64,275,339,339
2016-11-23,128,162,290,290
2016-11-24,162,66,228,228
2016-11-25,208,93,301,301
2016-11-26,81,35,116,116
2016-11-27,82,44,126,126
2016-11-28,143,92,235,235
2016-11-29,153,157,310,310
2016-11-30,165,150,315,315
2016-12-01,169,166,335,335
2016-12-02,139,164,303,303
2016-12-03,80,175,255,255
2016-12-04,68,62,130,130
2016-12-05,101,120,221,221
2016-12-06,250,158,408,408
2016-12-07,285,290,575,575
2016-12-08,211,271,482,482
2016-12-09,200,184,384,384
2016-12-10,81,130,211,211
2016-12-11,68,68,136,136
2016-12-12,50,85,135,135
2016-12-13,116,253,369,369
2016-12-14,199,219,418,418
2016-12-15,274,96,370,370
2016-12-16,167,166,333,333
2016-12-17,121,79,200,200
2016-12-18,84,31,115,115
2016-12-19,117,109,226,226
2016-12-20,206,112,318,318
2016-12-21,127,169,296,296
2016-12-22,142,183,325,325
2016-12-23,98,153,251,251
2016-12-24,59,65,124,124
2016-12-25,44,30,74,74
2016-12-26,60,89,149,149
2016-12-27,138,68,206,206
2016-12-28,214,86,300,300
2016-12-29,192,119,311,311
2016-12-30,114,138,252,252
2016-12-31,-3,208,205,205
2017-01-01,59,55,114,114
2017-01-02,131,59,190,190
2017-01-03,124,111,235,235
2017-01-04,177,92,269,269
2017-01-05,269,113,382,382
2017-01-06,110,222,332,332
2017-01-07,51,215,266,266
2017-01-08,65,74,139,139
2017-01-09,200,143,343,343
2017-01-10,230,165,395,395
2017-01-11,238,142,380,380
2017-01-12,355,113,468,468
2017-01-13,308,144,452,452
2017-01-14,145,67,212,212
2017-01-15,130,43,173,173
2017-01-16,82,46,128,128
2017-01-17,181,128,309,309
2017-01-18,156,188,344,344
2017-01-19,182,132,314,314
2017-01-20,195,87,282,282
2017-01-21,140,82,222,222
2017-01-22,90,76,166,166
2017-01-23,90,151,241,241
2017-01-24,131,144,275,275
2017-01-25,234,170,404,404
2017-01-26,142,171,313,313
2017-01-27,195,116,311,311
2017-01-28,139,68,207,207
2017-01-29,28,18,46,46
2017-01-30,178,108,286,286
2017-01-31,245,181,426,426
2017-02-01,1071,670,1741,1741
2017-02-02,413,298,711,711
2017-02-03,235,159,394,394
2017-02-04,109,116,225,225
2017-02-05,86,78,164,164
2017-02-06,101,174,275,275
2017-02-07,183,168,351,351
2017-02-08,192,190,382,382
2017-02-09,132,146,278,278
2017-02-10,178,147,325,325
2017-02-11,31,112,143,143
2017-02-12,47,60,107,107
2017-02-13,209,157,366,366
2017-02-14,458,139,597,597
2017-02-15,418,179,597,597
2017-02-16,154,138,292,292
2017-02-17,160,119,279,279
2017-02-18,107,87,194,194
2017-02-19,16,73,89,89
2017-02-20,120,50,170,170
2017-02-21,63,108,171,171
2017-02-22,105,43,148,148
2017-02-23,200,85,285,285
2017-02-24,108,146,254,254
2017-02-25,108,54,162,162
2017-02-26,66,34,100,100
2017-02-27,211,114,325,325
2017-02-28,276,107,383,383
2017-03-01,182,104,286,286
2017-03-02,233,113,346,346
2017-03-03,152,127,279,279
2017-03-04,82,59,141,141
2017-03-05,75,37,112,112
2017-03-06,104,84,188,188
2017-03-07,157,140,297,297
2017-03-08,146,127,273,273
2017-03-09,91,92,183,183
2017-03-10,105,69,174,174
2017-03-11,81,27,108,108
2017-03-12,46,13,59,59
2017-03-13,25,5,30,30
2017-03-14,63,33,96,96
2017-03-15,88,63,151,151
2017-03-16,118,102,220,220
2017-03-17,117,79,196,196
2017-03-18,138,48,186,186
2017-03-19,64,27,91,91
2017-03-20,114,64,178,178
2017-03-21,258,167,425,425
2017-03-22,134,148,282,282
2017-03-23,100,84,184,184
2017-03-24,97,102,199,199
2017-03-25,53,37,90,90
2017-03-26,56,14,70,70
2017-03-27,83,81,164,164
2017-03-28,35,14,49,49
2017-03-29,135,73,208,208
2017-03-30,134,96,230,230
2017-03-31,114,81,195,195
2017-04-01,78,30,108,108
2017-04-02,61,11,72,72
2017-04-03,104,92,196,196
2017-04-04,132,81,213,213
2017-04-05,106,119,225,225
2017-04-06,111,85,196,196
2017-04-07,66,73,139,139
2017-04-08,79,29,108,108
2017-04-09,16,30,46,46
2017-04-10,13,3,16,16
2017-04-11,47,141,188,188
2017-04-12,68,89,157,157
2017-04-13,104,102,206,206
2017-04-14,111,42,153,153
2017-04-15,41,35,76,76
2017-04-16,32,17,49,49
2017-04-17,47,47,94,94
2017-04-18,94,81,175,175
2017-04-19,113,85,198,198
2017-04-20,120,82,202,202
2017-04-21,131,40,171,171
2017-04-22,86,27,113,113
2017-04-23,23,32,55,55
2017-04-24,72,54,126,126
2017-04-25,93,79,172,172
2017-04-26,194,65,259,259
2017-04-27,153,49,202,202
2017-04-28,160,93,253,253
2017-04-29,79,52,131,131
2017-04-30,66,21,87,87
2017-05-01,283,63,346,346
2017-05-02,118,21,139,139
2017-05-03,394,573,967,967
2017-05-04,218,158,376,376
2017-05-05,179,96,275,275
2017-05-06,109,49,158,158
2017-05-07,66,30,96,96
2017-05-08,294,116,410,410
2017-05-09,248,140,388,388
2017-05-10,167,104,271,271
2017-05-11,87,93,180,180
2017-05-12,179,132,311,311
2017-05-13,126,44,170,170
2017-05-14,68,28,96,96
2017-05-15,129,54,183,183
2017-05-16,151,73,224,224
2017-05-17,129,125,254,254
2017-05-18,134,113,247,247
2017-05-19,152,57,209,209
2017-05-20,102,25,127,127
2017-05-21,80,17,97,97
2017-05-22,69,64,133,133
2017-05-23,143,91,234,234
2017-05-24,104,94,198,198
2017-05-25,69,63,132,132
2017-05-26,132,67,199,199
2017-05-27,71,41,112,112
2017-05-28,33,12,45,45
2017-05-29,71,26,97,97
2017-05-30,88,60,148,148
2017-05-31,139,53,192,192
2017-06-01,140,47,187,187
2017-06-02,154,63,217,217
2017-06-03,102,37,139,139
2017-06-04,56,26,82,82
2017-06-05,198,161,359,359
2017-06-06,298,196,494,494
2017-06-07,188,86,274,274
2017-06-08,98,73,171,171
2017-06-09,70,126,196,196
2017-06-10,88,112,200,200
2017-06-11,57,36,93,93
2017-06-12,153,188,341,341
2017-06-13,120,159,279,279
2017-06-14,114,74,188,188
2017-06-15,142,130,272,272
2017-06-16,152,84,236,236
2017-06-17,75,50,125,125
2017-06-18,58,24,82,82
2017-06-19,150,59,209,209
2017-06-20,134,62,196,196
2017-06-21,88,92,180,180
2017-06-22,120,76,196,196
2017-06-23,128,82,210,210
2017-06-24,97,30,127,127
2017-06-25,54,20,74,74
2017-06-26,109,42,151,151
2017-06-27,159,77,236,236
2017-06-28,129,85,214,214
2017-06-29,139,82,221,221
2017-06-30,177,53,230,230
2017-07-01,112,33,145,145
2017-07-02,84,26,110,110
2017-07-03,150,41,191,191
2017-07-04,160,73,233,233
2017-07-05,125,54,179,179
2017-07-06,146,75,221,221
2017-07-07,123,141,264,264
2017-07-08,137,27,164,164
2017-07-09,109,11,120,120
2017-07-10,108,66,174,174
2017-07-11,98,33,131,131
2017-07-12,176,96,272,272
2017-07-13,189,81,270,270
2017-07-14,159,56,215,215
2017-07-15,136,35,171,171
2017-07-16,106,27,133,133
2017-07-17,111,68,179,179
2017-07-18,138,74,212,212
2017-07-19,254,84,338,338
2017-07-20,294,58,352,352
2017-07-21,192,66,258,258
2017-07-22,118,30,148,148
2017-07-23,97,18,115,115
2017-07-24,139,34,173,173
2017-07-25,252,75,327,327
2017-07-26,258,52,310,310
2017-07-27,249,81,330,330
2017-07-28,155,94,249,249
2017-07-29,175,41,216,216
2017-07-30,116,20,136,136
2017-07-31,110,59,169,169
2017-08-01,269,111,380,380
2017-08-02,972,428,1400,1400
2017-08-03,263,135,398,398
2017-08-04,227,61,288,288
2017-08-05,98,37,135,135
2017-08-06,98,23,121,121
2017-08-07,159,47,206,206
2017-08-08,222,102,324,324
2017-08-09,617,109,726,726
2017-08-10,503,86,589,589
2017-08-11,318,81,399,399
2017-08-12,186,32,218,218
2017-08-13,154,16,170,170
2017-08-14,114,34,148,148
2017-08-15,298,103,401,401
2017-08-16,326,87,413,413
2017-08-17,249,101,350,350
2017-08-18,212,72,284,284
2017-08-19,184,32,216,216
2017-08-20,96,20,116,116
2017-08-21,212,43,255,255
2017-08-22,245,53,298,298
2017-08-23,267,76,343,343
2017-08-24,193,90,283,283
2017-08-25,199,71,270,270
2017-08-26,147,24,171,171
2017-08-27,121,20,141,141
2017-08-28,188,39,227,227
2017-08-29,349,130,479,479
2017-08-30,381,112,493,493
2017-08-31,270,70,340,340
2017-09-01,241,88,329,329
2017-09-02,147,40,187,187
2017-09-03,109,20,129,129
2017-09-04,115,31,146,146
2017-09-05,179,81,260,260
2017-09-06,204,99,303,303
2017-09-07,148,111,259,259
2017-09-08,27,26,53,53
2017-09-09,-1,3,2,2
2017-09-10,72,53,125,125
2017-09-11,107,132,239,239
2017-09-12,158,131,289,289
2017-09-13,259,267,526,526
2017-09-14,266,187,453,453
2017-09-15,280,176,456,456
2017-09-16,135,113,248,248
2017-09-17,53,52,105,105
2017-09-18,137,100,237,237
2017-09-19,221,155,376,376
2017-09-20,232,248,480,480
2017-09-21,209,174,383,383
2017-09-22,117,164,281,281
2017-09-23,155,78,233,233
2017-09-24,96,41,137,137
2017-09-25,171,201,372,372
2017-09-26,261,145,406,406
2017-09-27,206,96,302,302
2017-09-28,200,82,282,282
2017-09-29,206,67,273,273
2017-09-30,147,38,185,185
2017-10-01,89,21,110,110
2017-10-02,116,79,195,195
2017-10-03,200,67,267,267
2017-10-04,172,118,290,290
2017-10-05,174,75,249,249
2017-10-06,203,59,262,262
2017-10-07,125,37,162,162
2017-10-08,109,25,134,134
2017-10-09,170,52,222,222
2017-10-10,136,98,234,234
2017-10-11,152,32,184,184
2017-10-12,150,62,212,212
2017-10-13,162,75,237,237
2017-10-14,116,43,159,159
2017-10-15,77,30,107,107
2017-10-16,148,89,237,237
2017-10-17,145,78,223,223
2017-10-18,225,64,289,289
2017-10-19,82,13,95,95
2017-10-20,159,70,229,229
2017-10-21,80,18,98,98
2017-10-22,92,16,108,108
2017-10-23,112,61,173,173
2017-10-24,35,23,58,58
2017-10-25,177,59,236,236
2017-10-26,135,75,210,210
2017-10-27,64,12,76,76
2017-10-28,136,37,173,173
2017-10-29,101,39,140,140
2017-10-30,234,89,323,323
2017-10-31,195,168,363,363
2017-11-01,217,100,317,317
2017-11-02,300,93,393,393
2017-11-03,733,402,1135,1135
2017-11-04,135,44,179,179
2017-11-05,88,40,128,128
2017-11-06,166,79,245,245
2017-11-07,233,96,329,329
2017-11-08,213,103,316,316
2017-11-09,216,112,328,328
2017-11-10,164,100,264,264
2017-11-11,163,37,200,200
2017-11-12,142,22,164,164
2017-11-13,125,56,181,181
2017-11-14,207,60,267,267
2017-11-15,289,114,403,403
2017-11-16,431,71,502,502
2017-11-17,266,67,333,333
2017-11-18,104,66,170,170
2017-11-19,118,39,157,157
2017-11-20,189,46,235,235
2017-11-21,214,76,290,290
2017-11-22,202,94,296,296
2017-11-23,142,29,171,171
2017-11-24,157,47,204,204
2017-11-25,177,40,217,217
2017-11-26,88,28,116,116
2017-11-27,144,56,200,200
2017-11-28,169,83,252,252
2017-11-29,265,136,401,401
2017-11-30,251,93,344,344
2017-12-01,95,44,139,139
2017-12-02,104,33,137,137
2017-12-03,117,35,152,152
2017-12-04,180,67,247,247
2017-12-05,229,99,328,328
2017-12-06,230,104,334,334
2017-12-07,290,72,362,362
2017-12-08,295,62,357,357
2017-12-09,199,33,232,232
2017-12-10,157,26,183,183
2017-12-11,238,57,295,295
2017-12-12,314,75,389,389
2017-12-13,285,68,353,353
2017-12-14,223,39,262,262
2017-12-15,199,65,264,264
2017-12-16,213,50,263,263
2017-12-17,127,16,143,143
2017-12-18,96,16,112,112
2017-12-19,330,112,442,442
2017-12-20,270,82,352,352
2017-12-21,349,106,455,455
2017-12-22,304,92,396,396
2017-12-23,160,61,221,221
2017-12-24,125,23,148,148
2017-12-25,87,25,112,112
2017-12-26,109,215,324,324
2017-12-27,137,248,385,385
2017-12-28,313,106,419,419
2017-12-29,272,121,393,393
2017-12-30,219,58,277,277
2017-12-31,147,42,189,189
2018-01-01,187,20,207,207
2018-01-02,240,54,294,294
2018-01-03,249,73,322,322
2018-01-04,262,86,348,348
2018-01-05,223,135,358,358
2018-01-06,117,36,153,153
2018-01-07,157,21,178,178
2018-01-08,272,61,333,333
2018-01-09,321,84,405,405
2018-01-10,230,103,333,333
2018-01-11,233,100,333,333
2018-01-12,257,78,335,335
2018-01-13,236,52,288,288
2018-01-14,145,27,172,172
2018-01-15,194,36,230,230
2018-01-16,261,69,330,330
2018-01-17,240,116,356,356
2018-01-18,429,178,607,607
2018-01-19,243,130,373,373
2018-01-20,211,40,251,251
2018-01-21,156,34,190,190
2018-01-22,187,86,273,273
2018-01-23,257,101,358,358
2018-01-24,321,232,553,553
2018-01-25,282,167,449,449
2018-01-26,516,181,697,697
2018-01-27,467,64,531,531
2018-01-28,235,54,289,289
2018-01-29,427,189,616,616
2018-01-30,399,238,637,637
2018-01-31,423,166,589,589
2018-02-01,134,48,182,182
2018-02-02,415,388,803,803
2018-02-03,248,174,422,422
2018-02-04,203,53,256,256
2018-02-05,334,104,438,438
2018-02-06,341,206,547,547
2018-02-07,342,177,519,519
2018-02-08,308,132,440,440
2018-02-09,215,178,393,393
2018-02-10,191,62,253,253
2018-02-11,144,26,170,170
2018-02-12,277,76,353,353
2018-02-13,326,114,440,440
2018-02-14,260,133,393,393
2018-02-15,352,124,476,476
2018-02-16,317,120,437,437
2018-02-17,162,62,224,224
2018-02-18,115,45,160,160
2018-02-19,152,65,217,217
2018-02-20,128,112,240,240
2018-02-21,233,81,314,314
2018-02-22,224,96,320,320
2018-02-23,212,96,308,308
2018-02-24,168,60,228,228
2018-02-25,129,45,174,174
2018-02-26,274,69,343,343
2018-02-27,349,99,448,448
2018-02-28,249,116,365,365
2018-03-01,242,125,367,367
2018-03-02,170,149,319,319
2018-03-03,124,98,222,222
2018-03-04,113,25,138,138
2018-03-05,197,73,270,270
2018-03-06,94,30,124,124
2018-03-07,133,115,248,248
2018-03-08,149,80,229,229
2018-03-09,185,66,251,251
2018-03-10,167,35,202,202
2018-03-11,120,30,150,150
2018-03-12,243,52,295,295
2018-03-13,283,88,371,371
2018-03-14,142,119,261,261
2018-03-15,185,107,292,292
2018-03-16,183,72,255,255
2018-03-17,186,38,224,224
2018-03-18,106,21,127,127
2018-03-19,194,86,280,280
2018-03-20,226,96,322,322
2018-03-21,251,89,340,340
2018-03-22,295,143,438,438
2018-03-23,258,106,364,364
2018-03-24,160,56,216,216
2018-03-25,97,34,131,131
2018-03-26,190,76,266,266
2018-03-27,302,99,401,401
2018-03-28,255,169,424,424
2018-03-29,175,122,297,297
2018-03-30,174,56,230,230
2018-03-31,112,30,142,142
2018-04-01,74,28,102,102
2018-04-02,123,137,260,260
2018-04-03,158,166,324,324
2018-04-04,242,99,341,341
2018-04-05,91,37,128,128
2018-04-06,174,99,273,273
2018-04-07,103,66,169,169
2018-04-08,81,49,130,130
2018-04-09,141,60,201,201
2018-04-10,238,83,321,321
2018-04-11,255,77,332,332
2018-04-12,238,95,333,333
2018-04-13,187,118,305,305
2018-04-14,97,73,170,170
2018-04-15,62,31,93,93
2018-04-16,130,51,181,181
2018-04-17,80,28,108,108
2018-04-18,151,67,218,218
2018-04-19,95,145,240,240
2018-04-20,53,334,387,387
2018-04-21,107,103,210,210
2018-04-22,53,43,96,96
2018-04-23,151,112,263,263
2018-04-24,126,140,266,266
2018-04-25,166,120,286,286
2018-04-26,153,121,274,274
2018-04-27,166,128,294,294
2018-04-28,112,56,168,168
2018-04-29,81,40,121,121
2018-04-30,156,126,282,282
2018-05-01,229,205,434,434
2018-05-02,855,515,1370,1370
2018-05-03,252,156,408,408
2018-05-04,438,201,639,639
2018-05-05,143,47,190,190
2018-05-06,165,32,197,197
2018-05-07,290,120,410,410
2018-05-08,271,82,353,353
2018-05-09,238,63,301,301
2018-05-10,282,99,381,381
2018-05-11,287,84,371,371
2018-05-12,196,51,247,247
2018-05-13,126,26,152,152
2018-05-14,195,59,254,254
2018-05-15,189,90,279,279
2018-05-16,197,95,292,292
2018-05-17,202,72,274,274
2018-05-18,188,52,240,240
2018-05-19,120,43,163,163
2018-05-20,110,29,139,139
2018-05-21,151,65,216,216
2018-05-22,186,60,246,246
2018-05-23,159,68,227,227
2018-05-24,193,88,281,281
2018-05-25,203,87,290,290
2018-05-26,170,44,214,214
2018-05-27,96,29,125,125
2018-05-28,109,33,142,142
2018-05-29,202,61,263,263
2018-05-30,216,77,293,293
2018-05-31,196,64,260,260
2018-06-01,209,76,285,285
2018-06-02,172,38,210,210
2018-06-03,106,24,130,130
2018-06-04,127,37,164,164
2018-06-05,380,136,516,516
2018-06-06,222,71,293,293
2018-06-07,204,68,272,272
2018-06-08,164,160,324,324
2018-06-09,108,38,146,146
2018-06-10,102,28,130,130
2018-06-11,137,78,215,215
2018-06-12,169,81,250,250
2018-06-13,216,61,277,277
2018-06-14,193,84,277,277
2018-06-15,247,60,307,307
2018-06-16,164,39,203,203
2018-06-17,114,41,155,155
2018-06-18,178,63,241,241
2018-06-19,194,105,299,299
2018-06-20,186,68,254,254
2018-06-21,173,79,252,252
2018-06-22,137,66,203,203
2018-06-23,173,40,213,213
2018-06-24,105,19,124,124
2018-06-25,153,74,227,227
2018-06-26,182,76,258,258
2018-06-27,207,67,274,274
2018-06-28,153,85,238,238
2018-06-29,186,49,235,235
2018-06-30,93,27,120,120
2018-07-01,86,26,112,112
2018-07-02,133,34,167,167
2018-07-03,143,49,192,192
2018-07-04,90,28,118,118
2018-07-05,106,49,155,155
2018-07-06,169,48,217,217
2018-07-07,135,33,168,168
2018-07-08,75,21,96,96
2018-07-09,136,41,177,177
2018-07-10,200,42,242,242
2018-07-11,139,109,248,248
2018-07-12,178,59,237,237
2018-07-13,228,43,271,271
2018-07-14,117,30,147,147
2018-07-15,76,11,87,87
2018-07-16,112,35,147,147
2018-07-17,199,57,256,256
2018-07-18,164,50,214,214
2018-07-19,185,81,266,266
2018-07-20,194,61,255,255
2018-07-21,119,29,148,148
2018-07-22,95,21,116,116
2018-07-23,155,31,186,186
2018-07-24,197,62,259,259
2018-07-25,149,52,201,201
2018-07-26,199,88,287,287
2018-07-27,196,69,265,265
2018-07-28,70,37,107,107
2018-07-29,115,29,144,144
2018-07-30,210,95,305,305
2018-07-31,62,36,98,98
2018-08-01,695,290,985,985
2018-08-02,543,173,716,716
2018-08-03,628,213,841,841
2018-08-04,272,65,337,337
2018-08-05,124,40,164,164
2018-08-06,190,118,308,308
2018-08-07,315,116,431,431
2018-08-08,240,100,340,340
2018-08-09,275,81,356,356
2018-08-10,226,65,291,291
2018-08-11,143,44,187,187
2018-08-12,116,14,130,130
2018-08-13,183,56,239,239
2018-08-14,186,100,286,286
2018-08-15,245,94,339,339
2018-08-16,249,92,341,341
2018-08-17,281,121,402,402
2018-08-18,203,57,260,260
2018-08-19,124,27,151,151
2018-08-20,148,105,253,253
2018-08-21,269,104,373,373
2018-08-22,240,83,323,323
2018-08-23,195,73,268,268
2018-08-24,204,68,272,272
2018-08-25,150,31,181,181
2018-08-26,112,46,158,158
2018-08-27,222,43,265,265
2018-08-28,265,64,329,329
2018-08-29,317,80,397,397
2018-08-30,409,137,546,546
2018-08-31,330,154,484,484
2018-09-01,192,69,261,261
2018-09-02,163,19,182,182
2018-09-03,146,25,171,171
2018-09-04,308,81,389,389
2018-09-05,379,111,490,490
2018-09-06,277,119,396,396
2018-09-07,252,99,351,351
2018-09-08,179,144,323,323
2018-09-09,131,52,183,183
2018-09-10,208,160,368,368
2018-09-11,339,117,456,456
2018-09-12,560,255,815,815
2018-09-13,499,239,738,738
2018-09-14,334,123,457,457
2018-09-15,187,60,247,247
2018-09-16,150,31,181,181
2018-09-17,191,135,326,326
2018-09-18,277,156,433,433
2018-09-19,235,108,343,343
2018-09-20,301,82,383,383
2018-09-21,278,71,349,349
2018-09-22,153,71,224,224
2018-09-23,140,20,160,160
2018-09-24,258,67,325,325
2018-09-25,231,114,345,345
2018-09-26,241,67,308,308
2018-09-27,56,27,83,83
2018-09-28,261,69,330,330
2018-09-29,146,67,213,213
2018-09-30,119,27,146,146
2018-10-01,181,63,244,244
2018-10-02,282,76,358,358
2018-10-03,87,27,114,114
2018-10-04,169,114,283,283
2018-10-05,152,168,320,320
2018-10-06,172,46,218,218
2018-10-07,132,16,148,148
2018-10-08,134,57,191,191
2018-10-09,215,73,288,288
2018-10-10,217,98,315,315
2018-10-11,264,163,427,427
2018-10-12,253,83,336,336
2018-10-13,141,42,183,183
2018-10-14,101,17,118,118
2018-10-15,149,96,245,245
2018-10-16,205,90,295,295
2018-10-17,201,67,268,268
2018-10-18,166,112,278,278
2018-10-19,182,94,276,276
2018-10-20,115,44,159,159
2018-10-21,74,31,105,105
2018-10-22,175,78,253,253
2018-10-23,183,127,310,310
2018-10-24,236,116,352,352
2018-10-25,183,149,332,332
2018-10-26,238,152,390,390
2018-10-27,155,55,210,210
2018-10-28,65,23,88,88
2018-10-29,218,130,348,348
2018-10-30,263,241,504,504
2018-10-31,278,138,416,416
2018-11-01,83,37,120,120
2018-11-02,469,773,1242,1242
2018-11-03,196,140,336,336
2018-11-04,111,54,165,165
2018-11-05,307,257,564,564
2018-11-06,270,162,432,432
2018-11-07,233,112,345,345
2018-11-08,216,106,322,322
2018-11-09,223,111,334,334
2018-11-10,144,74,218,218
2018-11-11,90,20,110,110
2018-11-12,127,258,385,385
2018-11-13,157,387,544,544
2018-11-14,187,334,521,521
2018-11-15,299,269,568,568
2018-11-16,267,143,410,410
2018-11-17,129,57,186,186
2018-11-18,99,22,121,121
2018-11-19,66,257,323,323
2018-11-20,194,385,579,579
2018-11-21,210,270,480,480
2018-11-22,177,93,270,270
2018-11-23,132,161,293,293
2018-11-24,113,43,156,156
2018-11-25,102,56,158,158
2018-11-26,239,133,372,372
2018-11-27,321,283,604,604
2018-11-28,308,146,454,454
2018-11-29,275,162,437,437
2018-11-30,181,135,316,316
2018-12-01,163,65,228,228
2018-12-02,125,34,159,159
2018-12-03,209,96,305,305
2018-12-04,258,198,456,456
2018-12-05,182,122,304,304
2018-12-06,187,168,355,355
2018-12-07,228,173,401,401
2018-12-08,154,130,284,284
2018-12-09,90,36,126,126
2018-12-10,124,310,434,434
2018-12-11,163,293,456,456
2018-12-12,217,145,362,362
2018-12-13,215,198,413,413
2018-12-14,308,171,479,479
2018-12-15,175,96,271,271
2018-12-16,141,51,192,192
2018-12-17,241,120,361,361
2018-12-18,296,157,453,453
2018-12-19,250,149,399,399
2018-12-20,194,244,438,438
2018-12-21,192,223,415,415
2018-12-22,173,143,316,316
2018-12-23,85,54,139,139
2018-12-24,150,114,264,264
2018-12-25,97,55,152,152
2018-12-26,60,34,94,94
2018-12-27,135,48,183,183
2018-12-28,204,91,295,295
2018-12-29,131,58,189,189
2018-12-30,105,33,138,138
2018-12-31,177,72,249,249
2019-01-01,123,35,158,158
2019-01-02,33,15,48,48
2019-01-03,182,1857,2039,2039
2019-01-04,252,698,950,950
2019-01-05,192,175,367,367
2019-01-06,160,79,239,239
2019-01-07,293,165,458,458
2019-01-08,348,181,529,529
2019-01-09,339,299,638,638
2019-01-10,297,135,432,432
2019-01-11,258,153,411,411
2019-01-12,218,59,277,277
2019-01-13,134,35,169,169
2019-01-14,172,113,285,285
2019-01-15,246,159,405,405
2019-01-16,312,131,443,443
2019-01-17,295,133,428,428
2019-01-18,328,155,483,483
2019-01-19,246,83,329,329
2019-01-20,187,43,230,230
2019-01-21,188,42,230,230
2019-01-22,232,137,369,369
2019-01-23,304,134,438,438
2019-01-24,292,136,428,428
2019-01-25,245,152,397,397
2019-01-26,258,64,322,322
2019-01-27,178,49,227,227
2019-01-28,313,121,434,434
2019-01-29,83,66,149,149
2019-01-30,778,659,1437,1437
2019-01-31,424,199,623,623
2019-02-01,284,148,432,432
2019-02-02,223,59,282,282
2019-02-03,184,39,223,223
2019-02-04,239,80,319,319
2019-02-05,413,136,549,549
2019-02-06,309,157,466,466
2019-02-07,358,87,445,445
2019-02-08,299,88,387,387
2019-02-09,265,44,309,309
2019-02-10,172,39,211,211
2019-02-11,238,84,322,322
2019-02-12,290,107,397,397
2019-02-13,320,95,415,415
2019-02-14,233,139,372,372
2019-02-15,259,134,393,393
2019-02-16,228,52,280,280
2019-02-17,170,34,204,204
2019-02-18,182,57,239,239
2019-02-19,174,90,264,264
2019-02-20,262,103,365,365
2019-02-21,340,105,445,445
2019-02-22,246,63,309,309
2019-02-23,268,36,304,304
2019-02-24,189,50,239,239
2019-02-25,372,81,453,453
2019-02-26,424,86,510,510
2019-02-27,389,64,453,453
2019-02-28,385,88,473,473
2019-03-01,146,36,182,182
2019-03-02,265,37,302,302
2019-03-03,169,43,212,212
2019-03-04,333,78,411,411
2019-03-05,326,76,402,402
2019-03-06,344,115,459,459
2019-03-07,334,104,438,438
2019-03-08,300,89,389,389
2019-03-09,253,61,314,314
2019-03-10,183,33,216,216
2019-03-11,342,93,435,435
2019-03-12,542,122,664,664
2019-03-13,397,137,534,534
2019-03-14,413,116,529,529
2019-03-15,396,122,518,518
2019-03-16,281,55,336,336
2019-03-17,193,24,217,217
2019-03-18,311,68,379,379
2019-03-19,454,67,521,521
2019-03-20,304,69,373,373
2019-03-21,540,145,685,685
2019-03-22,428,140,568,568
2019-03-23,210,54,264,264
2019-03-24,156,45,201,201
2019-03-25,90,63,153,153
2019-03-26,690,310,1000,1000
2019-03-27,323,246,569,569
2019-03-28,303,94,397,397
2019-03-29,306,86,392,392
2019-03-30,142,95,237,237
2019-03-31,180,31,211,211
2019-04-01,227,137,364,364
2019-04-02,274,103,377,377
2019-04-03,367,128,495,495
2019-04-04,374,90,464,464
2019-04-05,375,107,482,482
2019-04-06,221,53,274,274
2019-04-07,134,30,164,164
2019-04-08,312,93,405,405
2019-04-09,407,155,562,562
2019-04-10,339,145,484,484
2019-04-11,342,89,431,431
2019-04-12,342,107,449,449
2019-04-13,170,48,218,218
2019-04-14,137,41,178,178
2019-04-15,268,78,346,346
2019-04-16,60,17,77,77
2019-04-17,380,229,609,609
2019-04-18,323,129,452,452
2019-04-19,189,44,233,233
2019-04-20,128,18,146,146
2019-04-21,105,27,132,132
2019-04-22,220,84,304,304
2019-04-23,328,105,433,433
2019-04-24,327,128,455,455
2019-04-25,235,111,346,346
2019-04-26,295,76,371,371
2019-04-27,168,53,221,221
2019-04-28,156,21,177,177
2019-04-29,160,42,202,202
2019-04-30,276,202,478,478
2019-05-01,1201,438,1639,1639
2019-05-02,556,194,750,750
2019-05-03,403,99,502,502
2019-05-04,287,32,319,319
2019-05-05,216,23,239,239
2019-05-06,317,133,450,450
2019-05-07,459,107,566,566
2019-05-08,424,121,545,545
2019-05-09,430,126,556,556
2019-05-10,478,137,615,615
2019-05-11,279,58,337,337
2019-05-12,168,45,213,213
2019-05-13,375,169,544,544
2019-05-14,460,229,689,689
2019-05-15,416,153,569,569
2019-05-16,457,119,576,576
2019-05-17,356,131,487,487
2019-05-18,230,70,300,300
2019-05-19,198,21,219,219
2019-05-20,240,165,405,405
2019-05-21,243,131,374,374
2019-05-22,363,216,579,579
2019-05-23,321,207,528,528
2019-05-24,359,132,491,491
2019-05-25,220,45,265,265
2019-05-26,77,25,102,102
2019-05-27,177,29,206,206
2019-05-28,228,127,355,355
2019-05-29,236,144,380,380
2019-05-30,160,140,300,300
2019-05-31,155,136,291,291
2019-06-01,71,94,165,165
2019-06-02,69,40,109,109
2019-06-03,72,91,163,163
2019-06-04,226,185,411,411
2019-06-05,197,154,351,351
2019-06-06,234,91,325,325
2019-06-07,42,32,74,74
2019-06-08,136,35,171,171
2019-06-09,106,21,127,127
2019-06-10,166,64,230,230
2019-06-11,169,99,268,268
2019-06-12,139,76,215,215
2019-06-13,181,66,247,247
2019-06-14,149,97,246,246
2019-06-15,91,31,122,122
2019-06-16,62,16,78,78
2019-06-17,125,67,192,192
2019-06-18,43,23,66,66
2019-06-19,191,99,290,290
2019-06-20,200,93,293,293
2019-06-21,134,81,215,215
2019-06-22,77,44,121,121
2019-06-23,23,51,74,74
2019-06-24,41,107,148,148
2019-06-25,105,101,206,206
2019-06-26,144,125,269,269
2019-06-27,129,95,224,224
2019-06-28,135,186,321,321
2019-06-29,84,45,129,129
2019-06-30,80,22,102,102
2019-07-01,139,95,234,234
2019-07-02,101,94,195,195
2019-07-03,155,65,220,220
2019-07-04,75,38,113,113
2019-07-05,102,49,151,151
2019-07-06,64,23,87,87
2019-07-07,58,15,73,73
2019-07-08,138,121,259,259
2019-07-09,193,103,296,296
2019-07-10,135,80,215,215
2019-07-11,103,92,195,195
2019-07-12,104,56,160,160
2019-07-13,118,25,143,143
2019-07-14,59,9,68,68
2019-07-15,85,68,153,153
2019-07-16,50,30,80,80
2019-07-17,130,63,193,193
2019-07-18,160,85,245,245
2019-07-19,117,52,169,169
2019-07-20,56,32,88,88
2019-07-21,42,8,50,50
2019-07-22,94,69,163,163
2019-07-23,174,91,265,265
2019-07-24,194,92,286,286
2019-07-25,159,72,231,231
2019-07-26,180,77,257,257
2019-07-27,125,27,152,152
2019-07-28,79,25,104,104
2019-07-29,8,17,25,25
2019-07-30,140,110,250,250
2019-07-31,508,250,758,758
2019-08-01,270,144,414,414
2019-08-02,124,176,300,300
2019-08-03,68,75,143,143
2019-08-04,58,28,86,86
2019-08-05,123,112,235,235
2019-08-06,158,138,296,296
2019-08-07,162,92,254,254
2019-08-08,138,99,237,237
2019-08-09,91,109,200,200
2019-08-10,42,45,87,87
2019-08-11,28,47,75,75
2019-08-12,52,57,109,109
2019-08-13,144,135,279,279
2019-08-14,131,160,291,291
2019-08-15,49,64,113,113
2019-08-16,167,83,250,250
2019-08-17,98,53,151,151
2019-08-18,24,44,68,68
2019-08-19,173,142,315,315
2019-08-20,214,161,375,375
2019-08-21,245,176,421,421
2019-08-22,217,140,357,357
2019-08-23,194,171,365,365
2019-08-24,84,87,171,171
2019-08-25,31,53,84,84
2019-08-26,161,124,285,285
2019-08-27,122,144,266,266
2019-08-28,175,117,292,292
2019-08-29,263,110,373,373
2019-08-30,236,116,352,352
2019-08-31,130,42,172,172
2019-09-01,39,35,74,74
2019-09-02,73,46,119,119
2019-09-03,163,115,278,278
2019-09-04,222,169,391,391
2019-09-05,297,135,432,432
2019-09-06,68,37,105,105
2019-09-07,122,46,168,168
2019-09-08,84,30,114,114
2019-09-09,121,120,241,241
2019-09-10,254,182,436,436
2019-09-11,445,260,705,705
2019-09-12,250,151,401,401
2019-09-13,167,230,397,397
2019-09-14,46,160,206,206
2019-09-15,52,36,88,88
2019-09-16,76,66,142,142
2019-09-17,144,85,229,229
2019-09-18,131,101,232,232
2019-09-19,144,114,258,258
2019-09-20,161,111,272,272
2019-09-21,91,69,160,160
2019-09-22,59,39,98,98
2019-09-23,119,63,182,182
2019-09-24,141,117,258,258
2019-09-25,109,99,208,208
2019-09-26,173,86,259,259
2019-09-27,115,95,210,210
2019-09-28,70,32,102,102
2019-09-29,54,13,67,67
2019-09-30,199,86,285,285
2019-10-01,243,124,367,367
2019-10-02,140,115,255,255
2019-10-03,150,100,250,250
2019-10-04,269,102,371,371
2019-10-05,106,67,173,173
2019-10-06,49,23,72,72
2019-10-07,147,117,264,264
2019-10-08,164,118,282,282
2019-10-09,114,144,258,258
2019-10-10,131,160,291,291
2019-10-11,219,150,369,369
2019-10-12,117,94,211,211
2019-10-13,57,23,80,80
2019-10-14,137,81,218,218
2019-10-15,167,94,261,261
2019-10-16,106,109,215,215
2019-10-17,119,120,239,239
2019-10-18,125,108,233,233
2019-10-19,49,41,90,90
2019-10-20,43,22,65,65
2019-10-21,141,133,274,274
2019-10-22,153,166,319,319
2019-10-23,146,146,292,292
2019-10-24,109,150,259,259
2019-10-25,139,116,255,255
2019-10-26,112,74,186,186
2019-10-27,60,27,87,87
2019-10-28,249,128,377,377
2019-10-29,66,32,98,98
2019-10-30,221,105,326,326
2019-10-31,396,299,695,695
2019-11-01,206,132,338,338
2019-11-02,146,78,224,224
2019-11-03,77,36,113,113
2019-11-04,78,117,195,195
2019-11-05,160,73,233,233
2019-11-06,164,66,230,230
2019-11-07,134,87,221,221
2019-11-08,158,102,260,260
2019-11-09,81,44,125,125
2019-11-10,84,19,103,103
2019-11-11,112,84,196,196
2019-11-12,165,82,247,247
2019-11-13,229,102,331,331
2019-11-14,183,145,328,328
2019-11-15,171,103,274,274
2019-11-16,90,48,138,138
2019-11-17,45,33,78,78
2019-11-18,77,33,110,110
2019-11-19,167,86,253,253
2019-11-20,144,120,264,264
2019-11-21,190,132,322,322
2019-11-22,38,16,54,54
2019-11-23,57,31,88,88
2019-11-24,11,48,59,59
2019-11-25,132,54,186,186
2019-11-26,126,66,192,192
2019-11-27,86,76,162,162
2019-11-28,120,48,168,168
2019-11-29,62,43,105,105
2019-11-30,63,17,80,80
2019-12-01,56,24,80,80
2019-12-02,142,54,196,196
2019-12-03,165,91,256,256
2019-12-04,148,74,222,222
2019-12-05,128,46,174,174
2019-12-06,221,89,310,310
2019-12-07,122,30,152,152
2019-12-08,54,20,74,74
2019-12-09,125,78,203,203
2019-12-10,145,91,236,236
2019-12-11,26,26,52,52
2019-12-12,175,114,289,289
2019-12-13,172,105,277,277
2019-12-14,74,81,155,155
2019-12-15,36,33,69,69
2019-12-16,189,86,275,275
2019-12-17,137,98,235,235
2019-12-18,189,99,288,288
2019-12-19,163,90,253,253
2019-12-20,149,34,183,183
2019-12-21,114,46,160,160
2019-12-22,63,19,82,82
2019-12-23,100,91,191,191
2019-12-24,156,63,219,219
2019-12-25,59,26,85,85
2019-12-26,147,54,201,201
2019-12-27,119,74,193,193
2019-12-28,133,50,183,183
2019-12-29,66,23,89,89
2019-12-30,186,75,261,261
2019-12-31,224,94,318,318
2020-01-01,62,26,88,88
